14
4 4 176,89,192 217,130,53 0,230,167 104,47,142
4 4 0,230,167 102,170,13 176,89,192 176,89,192
4 4 255,230,64 0,38,203 219,104,125 112,112,112
4 4 217,130,53 180,58,58 57,82,16 0,230,167
4 4 57,82,16 85,163,229 85,163,229 217,130,53
4 4 104,47,142 0,38,203 102,170,13 0,38,203
4 4 255,230,64 255,230,64 112,112,112 102,170,13
4 4 104,47,142 180,58,58 104,47,142 102,170,13
4 4 57,82,16 180,58,58 0,230,167 57,82,16
4 4 85,163,229 219,104,125 219,104,125 0,38,203
4 4 180,58,58 219,104,125 176,89,192 112,112,112
4 4 255,230,64 217,130,53 85,163,229 112,112,112
4 0
4 0
